10
5.0000E-01,5.6657E-01

1.0000E+00,6.4201E-01

1.5000E+00,7.2750E-01

2.0000E+00,8.2436E-01

2.5000E+00,9.3412E-01

3.0000E+00,1.0585E+00

3.5000E+00,1.1994E+00
4.0000E+00,1.3591E+00

4.5000E+00,1.5401E+00

5.0000E+00,1.7452E+00


		F1		F2		F3		F4	F5	F6		F7		F8		F9		F10
A0	0,258204599	-0,031358576	-0,003522527	-0,032243823	0,5	0,665501109	0,888923456	0,334106693	0,169735676	1,411735697
A1	0,349629827	0,481293241	0,416044412	0,224116307	0,25	0,491338193	0,58003851	0,230924367	0,375984785	0,018109152
RESIDUO	0,033945108	0,199696434	0,235498348	0,708129499	0	0,149331213	0,088104471	0,020721796	0,203048689	271,8746001
